MCMC result:
    om = 0.2566318238657976 +0.0293633649944825 -0.03430122492563781
    ob = 0.06087154821639551 +0.02671725581787146 -0.031394307123613074
    h = 0.731551092523866 +0.04433887333437092 -0.0567753914123208
    w0 = -1.401690862038751 +0.5860768589819014 -0.572053341720965
    w1 = -0.5261152425996182 +2.0713466860808563 -2.551664401946539
Mean acceptance fraction: 0.3984748
chimin: 14.540827063583116
